depmap_id	OLIGOMYCIN-A	IACS-10759	RESPIRATORY CHAIN COMPLEX I	HALLMARK GLYCOLYSIS	AltEJ
ACH-000001	0.2653722	-0.2538311	-0.0345637383235758	-0.188193483658946	-0.645390606858423
ACH-000002	NA	-0.4326366	0.64491866517428	-1.73993897952821	2.06891229503519
ACH-000004	NA	-0.9126635	-0.157846587713997	-2.08149550490598	0.821331741444326
ACH-000005	NA	-2.567084	-0.969482339360731	-1.81560694491096	1.07914463770248
ACH-000006	NA	-0.918536	-0.925114631943761	-1.15171788483743	1.15075189258122
ACH-000007	-2.4647415	-0.7937568	1.32818635139165	0.334083218819753	-0.388219589410087
ACH-000008	-1.2544916	-0.8335256	-0.122116552945901	0.412678108334026	-0.120316741702649
ACH-000011	-0.3603161	-3.7503816	0.844057352202597	0.556530218757008	0.0847936992332237
ACH-000012	0.8143186	-0.2489253	-0.718261443869593	1.48650168069766	-0.638622764986892
ACH-000013	-1.0822725	-0.5922061	0.099170783467028	-0.00537906246683099	0.201998910005202
ACH-000014	-0.6913673	-0.8656578	-0.63763798422057	0.823518682723397	-0.873662214567483
ACH-000015	-1.177874	-4.284695	-0.210035298429082	-1.17377348937241	0.879651698739845
ACH-000018	0.3342806	-1.5199385	-0.0748565174546135	0.279534326588119	0.919035635937042
ACH-000019	-2.4809	-1.089829	0.688750991988681	0.525611424298501	0.0484000410276524
ACH-000021	-1.624994	-0.140489	0.181490781255627	0.145293990536089	-0.856071506292907
ACH-000022	-1.23107066	-0.04817774	0.907959797085997	-0.257973481531454	0.424025645014079
ACH-000023	-2.849112	-3.127434	0.654602065966831	-0.417182731193489	1.05675908869862
ACH-000025	NA	-3.1855	0.679820254796659	0.530035199780881	0.398468110487469
ACH-000026	-0.01759789	-2.84805072	0.497636717699391	0.295725559251674	0.638848077138379
ACH-000027	0.09619656	-0.97718102	1.07382211491014	-0.0888064576397192	-0.351356404066483
ACH-000030	-0.9534994	-2.9699832	-0.0907810097657014	1.19537422140922	0.0335049518917796
ACH-000035	-0.5021591	-1.6620021	-0.174699152820147	1.20882908967044	-0.0885840507638531
ACH-000036	NA	-1.378871	-0.446252294152057	2.0157082840697	-0.764048435622385
ACH-000037	0.2442667	-2.5684302	-1.45727715943411	1.30059118592328	-0.0820313311895181
ACH-000039	NA	-1.56586	0.480680172743562	-0.991097108216812	1.02129432649465
ACH-000040	0.2506229	-1.772914	-0.876340346054829	0.207588238582481	0.622436329082124
ACH-000041	0.5126638	-1.4288285	0.0693439750427669	-1.36655122434713	0.83681781941686
ACH-000042	0.5155377	-0.0161391	-1.45191300706122	0.579201293383308	-0.42247338618148
ACH-000046	-0.8582329	-1.317267	-1.11498809569709	0.662085800096362	-0.641255837706764
ACH-000048	-1.637182	-2.244911	0.466742065543922	-1.1905461648857	0.150719173269866
ACH-000051	NA	-3.38316	-0.0759161854592377	-0.924234180278728	-0.0278501469649152
ACH-000052	1.0482049	-0.5214646	1.15855810928806	-0.632882637355419	0.481398187568381
ACH-000052	1.0482049	-0.5214646	1.15855810928806	-0.632882637355419	0.481398187568381
ACH-000053	NA	-3.302331	-0.702267186315571	-1.12621300000955	0.20836183224564
ACH-000054	-0.4227478	-3.4375583	-0.309812963849721	0.723958606294806	0.357276966300603
ACH-000056	NA	-2.195183	-0.824611888589788	-2.73872209958811	2.13122052848186
ACH-000059	NA	-0.8737857	0.00599101363347	-2.35012206316571	1.77704603501401
ACH-000060	1.157201	-2.393704	0.487809520511649	0.071848414220927	1.19279039141764
ACH-000061	NA	-0.4168542	0.861064501578163	-2.00728186928149	2.46840546549582
ACH-000062	-1.057334	-3.236582	0.636061348164566	1.17192566143632	-0.862517994579688
ACH-000065	NA	-1.212338	-0.122613251816244	-1.77277421482886	0.567676003568588
ACH-000066	0.2047959	-0.3387869	-0.366288841836025	1.68682988275886	-0.71980483934463
ACH-000067	NA	-1.66514	-0.00839619549645427	0.787004741381234	-0.366977826649238
ACH-000069	NA	0.3299112	0.078200874262103	-2.19434913001652	1.58388864722195
ACH-000070	NA	-0.3608985	0.821870095037262	-2.07548424663784	2.03133745234386
ACH-000072	NA	-3.792683	-0.794026759532966	-1.73860395191869	0.866832421613311
ACH-000073	NA	-0.4924949	-1.10158815210332	-1.93152630052365	0.871586400196364
ACH-000074	NA	-6.005516	-0.422081602875731	-2.43835614489081	0.684253666043909
ACH-000075	0.6662276	-0.892166	0.791227457956105	1.09448798463396	-0.115696869596372
ACH-000076	NA	-1.890347	-2.00304549848767	-1.83030695713788	0.445907778185386
ACH-000078	-0.730465	-0.443622	-3.13178511780652	-1.63560921465525	-0.920475510802041
ACH-000080	NA	-1.412189	1.12987890470648	-1.34237673475871	1.31843313165855
ACH-000082	0.9432213	0.3471364	-0.239713577144982	0.238603209898805	0.709778747583738
ACH-000082	0.9432213	0.3471364	-0.239713577144982	0.238603209898805	0.709778747583738
ACH-000086	0.7378169	-3.7739443	1.15289897891732	-0.149535955597439	-0.837042894552802
ACH-000087	0.9103008	-0.6179007	-0.0641124662066229	-1.2946763326933	1.22290016690848
ACH-000087	0.9103008	-0.6179007	-0.0641124662066229	-1.2946763326933	1.22290016690848
ACH-000090	-1.4155025	0.1333354	0.129892112079521	1.35358787797274	0.401520935383835
ACH-000091	-0.2649025	-2.1943453	-0.322489517594834	1.05049984576461	-2.27703027655261
ACH-000092	0.381022	-0.9580301	-0.627795160019096	0.386611381100779	-0.303756297601194
ACH-000093	NA	-1.292591	-1.96913948492182	-0.253447716767759	-3.06846549320972
ACH-000094	NA	-0.9315107	-0.2775622164786	0.880184200840455	-0.875629692416245
ACH-000096	-2.46147	-2.959814	0.155830805481221	-1.32809385552571	0.507811608314075
ACH-000096	-2.46147	-2.959814	0.155830805481221	-1.32809385552571	0.507811608314075
ACH-000097	-1.812985	-1.935045	1.90088533372317	-0.546773010271899	-0.726209470607269
ACH-000098	-0.5585681	-0.7210641	-0.735769811720742	0.940559604236669	0.431540284013232
ACH-000099	1.366897	-1.149081	0.371228304302528	-1.69216355366621	-0.0224442347695535
ACH-000099	1.366897	-1.149081	0.371228304302528	-1.69216355366621	-0.0224442347695535
ACH-000101	NA	-1.478238	-0.295996083688384	-2.71974866031388	0.909844798443779
ACH-000105	NA	-1.365818	-0.698439068164554	-2.50915721474859	2.51554393725467
ACH-000107	0.4370788	-1.7119101	-1.33906696196435	0.68663854814701	-0.156307428691203
ACH-000108	0.7934708	-0.2524583	-0.0118349546068251	0.664284627708269	-0.771029281868603
ACH-000113	NA	-2.948501	-0.827057295076981	-1.85951719572239	0.547067486924549
ACH-000117	1.4315166	-0.0860456	0.381969428306634	-0.260264682357943	0.316847570235607
ACH-000118	0.04012478	-1.13709642	0.0761994220654845	0.585138540576203	-0.051120837556988
ACH-000120	NA	-0.1545042	-0.435933424479802	-0.486045825963708	-0.488782547009956
ACH-000122	NA	-1.213356	0.702299445974901	-1.66602592546209	1.11191995427316
ACH-000123	-1.577486	-5.955978	1.13494424510624	-0.68449152240924	-0.0474016563442144
ACH-000124	NA	-1.036909	-1.1303422515612	-1.8466812332558	0.837837224499766
ACH-000129	NA	-0.830957	0.389850852288985	0.127083138867469	1.1701002371895
ACH-000132	0.01269193	-0.7410637	0.372069885328192	0.722383408891393	-1.3328973686054
ACH-000133	0.005996265	-0.717869321	-0.486767787808451	-0.033084170866576	-0.670102489189832
ACH-000133	0.005996265	-0.717869321	-0.486767787808451	-0.033084170866576	-0.670102489189832
ACH-000137	-1.301548	-1.246755	-0.262337840916464	0.581115065317622	-0.361748112446193
ACH-000138	0.3992687	-1.1695215	-0.788875514354658	1.20328696702138	-1.82085822644025
ACH-000139	NA	-0.5084556	-0.159687539751415	0.82822442466906	0.0370910490561732
ACH-000141	-0.1049956	-0.5563615	-1.1331548333916	0.749476326100977	0.0955836032144101
ACH-000142	-1.300951	-1.787697	-1.08759548120126	0.768544965240625	-0.590861966925057
ACH-000144	NA	-1.597644	-0.304752679711124	-0.871165714447804	0.413351718045033
ACH-000146	NA	-0.3257425	-0.577236315263775	-1.34729711746552	0.562902001202855
ACH-000147	-1.526726	-1.617386	0.483731866396359	-0.616662110836599	0.504925069748017
ACH-000149	NA	-2.066832	-0.867622731321709	0.319580386601959	-0.0192150104509966
ACH-000151	NA	-0.5171025	-0.66738881067729	-2.62479499191413	2.40859857254501
ACH-000152	NA	-1.232879	-0.386301076288711	0.711487694022026	-0.222920122100332
ACH-000153	-0.3880158	-1.4344704	-0.0918835780574922	0.0468088490394245	-0.0910275797327207
ACH-000155	-1.142517	-1.087226	1.30621832826983	-0.175916323254466	0.575974809965274
ACH-000158	NA	-2.557334	-0.297917209430366	-2.52222217722016	1.52833735598544
ACH-000159	-0.2251928	-1.7580685	-2.31909991126193	1.52277388744934	-0.911114985359195
ACH-000160	NA	0.1153723	2.7392186851636	-0.335422177962212	0.761753577237078
ACH-000161	0.1290915	-0.451586	1.31864486713707	0.801082405549055	-0.0504641718438902
ACH-000163	-0.4573379	-3.6913614	-0.575624762278488	0.613045388303471	0.528406802657335
ACH-000164	-0.5691961	-1.3431006	0.49499566349751	0.19236316861491	0.686086023808361
ACH-000167	NA	-2.41019	1.60179087239026	-1.56899426213089	1.64016562034112
ACH-000168	NA	-0.4743722	0.350965407494692	-1.59690468403248	0.0204684527076369
ACH-000169	-1.130241	-1.843847	-0.119315424876936	-0.00577930983537241	0.0850617987077345
ACH-000169	-1.130241	-1.843847	-0.119315424876936	-0.00577930983537241	0.0850617987077345
ACH-000171	0.5885567	-1.0258531	-0.253196311278445	1.63231484200262	-0.673409229380145
ACH-000172	-1.128395	-2.798142	0.565807918135894	-0.645041929522356	-0.479875196403176
ACH-000172	-1.128395	-2.798142	0.565807918135894	-0.645041929522356	-0.479875196403176
ACH-000174	0.2579964	-1.8950584	1.57601451475475	-0.107199266431272	0.68026148310989
ACH-000176	-0.08991721	-1.11133341	0.21587554223324	0.440766329713067	-0.282618949846245
ACH-000178	0.1877332	-0.7484212	0.666092614414682	0.372530152641297	-0.436409813887613
ACH-000181	NA	-0.8407294	-3.89691537204514	0.776802370915163	-1.67317941056173
ACH-000182	0.5857066	-0.7910162	-1.4806337907223	1.09197397843129	-1.91446095463636
ACH-000183	NA	-2.55507	1.68969749211659	-2.15253458727503	0.850582925117655
ACH-000186	-1.44905	-0.642695	0.175380086414596	2.04003320005313	-1.29974505632956
ACH-000188	-0.6811193	-0.638248	-0.878190073831883	0.464737625593426	-0.656063741873098
ACH-000189	0.362865	-1.933939	-1.92949573297838	1.29887349013357	-2.06561362438016
ACH-000190	NA	-2.032537	0.656362677283964	0.694391022159197	-0.733129579933232
ACH-000191	0.1074171	-1.5117889	-0.966530532665889	0.892979411269206	-1.953507390384
ACH-000192	-0.5908724	-1.8277016	-1.09664763416965	-0.642476008767105	0.06605029242583
ACH-000193	NA	-0.9215956	1.32923192174781	-1.63781206470305	1.92952786938163
ACH-000197	NA	-1.712213	-1.56265239343051	-1.60999433932443	1.87956067710014
ACH-000198	NA	-1.34534	-1.18914243244844	-2.24403737885865	0.990624522645242
ACH-000201	-1.406628	-1.640228	0.16216137941172	0.0646169283387428	0.196165677964484
ACH-000202	NA	-1.908277	0.622813056338292	-0.701704398787478	0.643665778839866
ACH-000204	NA	-3.372283	0.110477761279674	-1.5509076866759	-1.4948754877079
ACH-000205	-0.5911079	-1.6701872	-4.12998969483604	0.117668079378505	-0.881733858185334
ACH-000206	NA	-2.500637	0.257578795748119	-1.52444043047524	1.8503831317228
ACH-000207	-1.0023345	-0.5973241	0.79728591154054	0.827513837191969	-0.248524382309784
ACH-000208	NA	-0.5643423	0.129604061207315	0.730002542976412	-0.186388634510307
ACH-000209	-1.861613	-1.632568	-0.37090360940525	0.0699228162257168	-1.11649733983862
ACH-000210	-1.514639	-1.19254	0.300441018050674	-1.12968714481558	-0.429642753766145
ACH-000210	-1.514639	-1.19254	0.300441018050674	-1.12968714481558	-0.429642753766145
ACH-000211	0.2841964	-1.0444849	-0.308321575235758	0.21689251970946	0.682208562770608
ACH-000211	0.2841964	-1.0444849	-0.308321575235758	0.21689251970946	0.682208562770608
ACH-000212	0.317723	-1.592714	0.403128534022138	0.240036507192776	-0.882210664751018
ACH-000213	-0.7623606	-1.9306324	-0.281470262267516	0.36988484997026	-0.318386458032334
ACH-000215	NA	-1.564798	-0.271070968662591	0.879021033710519	-0.101780259870942
ACH-000217	-2.637577	-0.6343866	-0.287149879788382	0.127380007905381	-0.069652685344424
ACH-000218	NA	-0.9648183	-1.06394335342728	-1.73038886934668	0.710756923763314
ACH-000219	-0.2126538	-0.6263324	0.371671350951947	0.207607284271841	0.767453020010545
ACH-000221	-1.439172	-2.379471	0.618517847775607	-0.788493487217921	0.411873636625879
ACH-000222	-0.263066	-1.531582	-0.488585901972507	0.756014023155707	-2.1493267903758
ACH-000223	0.02958527	-0.30049701	0.943763081742475	-0.0641819728917801	0.139240055082284
ACH-000227	0.6886569	-0.7089066	1.03032602608093	-1.68898098945654	0.667993782983586
ACH-000228	0.07419666	-1.29920259	-0.659030230919461	0.780443788648134	-1.70821569535463
ACH-000231	0.1861763	-0.2872942	-1.2424161799257	1.34601610870047	-0.450172083057894
ACH-000232	-0.4575928	-1.3376331	0.351268735448508	0.924677249322919	-0.831426349221938
ACH-000233	NA	-2.265048	-0.24858475762937	-1.03356735403115	-0.744391218336749
ACH-000235	-0.530204	-2.520605	-0.265689407530142	1.14283706023403	-0.399482232963079
ACH-000237	-1.103231	-1.514986	-2.52010862907896	1.38160541052052	-1.71668661204446
ACH-000239	NA	-1.439053	-0.14324115881273	0.355298832310206	0.192078440011179
ACH-000242	-0.4779248	-0.9043354	0.94217203147468	-0.458636829245073	0.538287920487135
ACH-000243	-0.8615287	-1.5682732	-0.465444899779025	0.345403251701009	0.172940749403557
ACH-000244	0.1260204	-0.5366073	-1.04444319377554	0.43320155087107	-1.49779329835214
ACH-000248	NA	-2.149747	1.32225690463781	0.437654835192588	0.190122540083892
ACH-000249	-0.04865068	-0.71517071	0.00447432087008258	0.210011639034162	-0.284133493811019
ACH-000250	0.727688	-2.953757	0.398604111240859	1.04292210667703	-0.155781045853769
ACH-000252	0.0111656	-2.1851414	0.178353381842626	-0.213307318298285	0.412898775360323
ACH-000255	-1.751424	-3.427053	-1.23774995975457	0.767870211290552	1.05745926920475
ACH-000256	0.79115725	0.05667321	-0.287514105932488	-0.10892363441192	-0.724841262295608
ACH-000257	NA	-0.06919773	-1.09094833484374	-0.0326966160426822	0.852539523689103
ACH-000258	NA	-0.1787321	0.0806486383973266	-1.07993797698083	0.430874981247594
ACH-000259	-1.309849	-1.435302	1.57799729898486	-1.1908809208441	0.702151138944664
ACH-000259	-1.309849	-1.435302	1.57799729898486	-1.1908809208441	0.702151138944664
ACH-000260	-0.4031977	-1.8085007	-0.140569834688783	0.138753586200753	-0.320950861631939
ACH-000260	-0.4031977	-1.8085007	-0.140569834688783	0.138753586200753	-0.320950861631939
ACH-000261	-0.8141129	-2.7277553	0.272896279719995	0.119258034441846	0.260127761642254
ACH-000264	-0.9292616	-1.3177245	0.949107803450724	-0.0593389092682687	0.372674968070252
ACH-000265	-1.128518	-1.987559	1.23341468536712	-0.255215860283594	0.762652770622064
ACH-000266	0.9202632	0.0607867	-2.34777900982599	0.825465216462091	-1.63204622402091
ACH-000268	-1.1936939	0.1313842	0.535083641043148	0.0245187715492655	-0.363792664691727
ACH-000269	NA	-6.303086	0.556248571126169	-0.146434429789735	1.35522451035595
ACH-000270	1.8955701	-0.2035322	-0.923172141281645	-0.170230070899985	-1.39985180599667
ACH-000273	-0.07583697	-0.67884507	-0.610608933140322	1.45043020556895	-0.378363690474998
ACH-000274	1.266096	0.294182	0.568545451749965	-0.182682677481865	0.396002588783716
ACH-000276	-0.7866532	-0.8628339	-0.758096820801332	-0.246954566961955	-0.830446398909082
ACH-000277	-2.699854	-1.374288	-0.122129694566837	-0.527090366506747	0.403666631191072
ACH-000278	0.06572281	-0.18466092	-0.143576590840686	0.63251509982714	0.04337893393729
ACH-000279	-1.414876	-1.214474	0.795495533583613	-1.05019273406584	0.638510303402947
ACH-000279	-1.414876	-1.214474	0.795495533583613	-1.05019273406584	0.638510303402947
ACH-000280	0.3924486	-0.6674274	-1.23390009706149	0.677682982655122	0.0726819106119151
ACH-000281	-0.5014419	0.3460088	0.477564572669349	0.835988232476126	0.195021301405365
ACH-000283	NA	-1.917539	0.284471533894337	0.664099630814018	0.598493605942126
ACH-000285	NA	NA	-0.115953428627153	-2.5068273377273	2.64046832729771
ACH-000288	-0.01706096	-1.34962264	0.135882150742181	0.424876891957374	0.152054755637255
ACH-000289	-1.238127	-0.989116	-1.19238753490627	1.22655455676421	-1.30415503823079
ACH-000292	-2.029613	-2.748383	1.44160505760021	-0.337658157767771	1.15529539161063
ACH-000293	NA	-0.4939034	0.731410682258254	0.145224986792906	-0.268049281776709
ACH-000294	NA	-0.7173586	0.473579891518951	-1.50264628528802	1.96814038968084
ACH-000295	NA	-0.109066	-1.52904981307688	-2.08582270428338	1.35074872949653
ACH-000296	-0.8360455	-1.3592881	-1.68696499872532	0.311618962187945	-1.28225968872122
ACH-000301	NA	-2.924225	-2.77039485536884	-1.73097783431802	-0.211978490174513
ACH-000302	0.8160852	-0.1864097	-0.806365967363831	1.38362072052405	-1.20753988606301
ACH-000305	-1.145136	-1.557013	-1.68015530372138	0.38157030881066	-2.86448740029906
ACH-000307	-0.1970358	-1.7236079	0.235817880545622	0.487975544281988	0.364376625431933
ACH-000308	-1.8087811	-0.3489741	-2.95931055960684	0.0500204404777766	-2.14023599792047
ACH-000311	0.03351361	-1.6688315	1.07936871450364	0.954032538910284	-0.250628792107545
ACH-000312	0.1529884	-0.8365016	1.52758588170543	-1.26370302235516	0.467301044734291
ACH-000312	0.1529884	-0.8365016	1.52758588170543	-1.26370302235516	0.467301044734291
ACH-000313	0.9410884	0.07213281	-1.49850153922532	1.52686649919612	-2.8458407179974
ACH-000314	NA	-1.156368	-0.204415702637801	1.11644708695992	1.04427876475739
ACH-000315	NA	NA	-0.924142367973612	-2.48266720133078	1.31849768330997
ACH-000316	0.1020792	-0.2709654	-0.406098873545831	1.04416510186892	-0.305054182360888
ACH-000318	0.7985463	-0.8159746	-0.336624953035961	0.629275769219538	0.914442822822669
ACH-000319	1.50133313	-0.04471392	-0.0818715723436527	-0.270519210644571	-0.516286217980454
ACH-000320	-1.39215	-2.88657	0.493952718583758	0.780768335488334	-0.168279640509923
ACH-000322	-1.6225611	-0.7735726	-0.0454248986330968	0.800941174665956	-0.187132848503622
ACH-000323	-0.2323637	-1.486409	-0.141046951685997	1.16771989468827	-0.269319909328141
ACH-000324	-0.7362924	-1.3311961	-0.67632350292583	0.979826412104462	-0.275311024366724
ACH-000326	NA	-1.374068	-0.704688318916975	-1.53574238035003	0.419919658848222
ACH-000329	0.8282816	-0.9701905	-0.37712942760123	0.86594106871933	0.559999366716537
ACH-000330	0.6094109	-0.8163338	0.328893901005796	-0.658934877858434	0.783632506408682
ACH-000331	0.18127407	0.06521152	-0.603645569659493	0.0705290289791237	0.171390265195126
ACH-000332	0.6826128	-1.5190538	-0.634075452627459	0.789459336125716	0.370373578344256
ACH-000335	-2.404353	-3.39304	0.352340101832429	-0.0420750448308118	0.217391603574289
ACH-000336	NA	-0.851217	-0.945700101391274	-0.260695438216643	-0.0197520531123292
ACH-000338	NA	-1.966335	0.570769593205751	-1.61602687790385	0.0307483302224825
ACH-000341	1.2246844	-0.3603075	-0.129199244429059	-1.79109434734975	0.787899302815017
ACH-000343	0.3342598	-0.4061828	-0.397159325754288	-1.16657232247363	0.26476417261586
ACH-000344	-0.08699425	-0.14544268	0.988729537329074	0.0946175449694429	-0.0897528389750856
ACH-000346	NA	-2.263218	-0.706781980872465	-2.29734862259742	-0.0995262997054424
ACH-000347	-1.720843	-0.171301	0.951479553282099	0.0194619113670501	-0.791967614847878
ACH-000348	-0.562631	-0.8259644	-0.105525911411361	0.484473853986147	-0.721613938471146
ACH-000350	-0.2275579	-1.0554931	-2.02724772703402	-0.332586414920139	0.25520021731394
ACH-000351	0.1780446	-1.4551026	-0.539018929122068	0.432085180322092	-0.797042320270639
ACH-000352	0.1546173	-1.2487505	0.977897520847116	-0.402820044352146	0.844241373613516
ACH-000353	NA	-1.298173	0.0169826007218333	0.297119277222583	-0.170632895446892
ACH-000355	NA	-2.13459	0.749297387608104	-1.54342124024326	1.23215988944728
ACH-000356	-0.3687886	-3.0952737	0.534288741127591	0.531659789059793	0.369555570118386
ACH-000357	NA	-0.09086755	0.978975472215314	-2.16678810194926	2.00971064929977
ACH-000359	0.5303686	-0.1150055	-0.201179521631496	-0.0693581371202258	0.803538579913099
ACH-000359	0.5303686	-0.1150055	-0.201179521631496	-0.0693581371202258	0.803538579913099
ACH-000360	NA	-0.6954404	0.0141106750975101	0.2616681192913	-1.88638765974762
ACH-000361	-1.123666	-3.51184	0.46559746155229	0.318795563017239	0.29522033006383
ACH-000362	NA	-1.92221	0.617499715681345	-1.56955748928916	1.28069897976713
ACH-000364	-0.8378275	-0.6002456	-0.108586558829473	-0.143651426873067	0.818686653313962
ACH-000364	-0.8378275	-0.6002456	-0.108586558829473	-0.143651426873067	0.818686653313962
ACH-000365	NA	-1.604616	0.190685246550334	-2.08896153968441	1.94400448356475
ACH-000366	0.4606172	-0.6624379	2.05197510789878	-1.76703595013497	1.74289391088086
ACH-000367	-0.6722961	-1.9818628	-0.863553658353493	0.0437141569887439	-0.169248216741015
ACH-000368	0.3316452	-0.8325715	-0.886122339484709	1.52760283046497	-0.611127475361724
ACH-000371	NA	-1.140405	1.02357061435372	-2.19007194104234	2.12695227500094
ACH-000372	NA	-3.453477	0.130640637288625	-2.21633058978792	2.53131944702247
ACH-000373	NA	-0.1557752	0.0284484093392674	-1.0845655244459	0.635454572979142
ACH-000374	-0.6159851	-0.916355	-2.46424331458298	0.722579991228499	-0.0328298842379185
ACH-000375	-1.313847	-3.159234	-0.452245882748045	-0.826365386581698	0.246580938922818
ACH-000375	-1.313847	-3.159234	-0.452245882748045	-0.826365386581698	0.246580938922818
ACH-000376	0.31311208	0.04545324	0.0549133379833136	0.223512337849997	0.386399173136652
ACH-000377	NA	-4.184757	0.499239907184639	1.19710453991299	0.328618000167847
ACH-000378	-0.3002748	-1.9758284	0.0101135912698466	1.1886145293656	0.0715028249187376
ACH-000380	NA	-0.3807035	0.163486353034818	-1.85313123220661	1.83156897957495
ACH-000381	NA	-0.8600763	0.227852006020912	0.49006638176507	0.180066778786892
ACH-000383	-0.2870713	-0.4846605	-0.0123508118647049	1.20771731611145	0.494139104384957
ACH-000384	-1.172832	-3.261973	-1.34675935850227	-0.534167239473782	-0.480781139776434
ACH-000387	NA	-1.183843	-0.0343421607234697	-1.31298452218454	0.314684780687156
ACH-000388	NA	-3.671873	-0.976015068128472	-1.94236821331553	-0.111590169151541
ACH-000389	-0.4797318	-0.8567602	-0.7878308053234	1.34337729539161	-0.423411591123655
ACH-000390	-1.522816	-2.751806	-0.427427656133384	0.904401047096205	-0.112114275834368
ACH-000391	0.3486882	-1.7875567	1.07131853432428	-0.759899725833829	-1.49687967300838
ACH-000391	0.3486882	-1.7875567	1.07131853432428	-0.759899725833829	-1.49687967300838
ACH-000393	0.966839	-3.827538	-0.631454521052387	1.00367838551369	0.546301701971317
ACH-000395	0.8484712	-2.2596455	0.678153458446717	-0.094426027807564	0.636229183093794
ACH-000396	-0.8935765	-1.0952004	0.340659013147162	-0.0548386850847662	0.477780040565292
ACH-000397	-0.903694	-1.140751	-0.616534359655835	0.520783793660736	0.0618060046817896
ACH-000398	NA	-1.807309	-0.188295194737657	-2.23056314668393	1.61713513892806
ACH-000399	0.07169937	NA	-0.156168757324205	-0.692158215677317	0.511879202594938
ACH-000401	-0.1478811	-1.2870384	-0.709263413646844	0.782943886494031	-0.25055356671687
ACH-000403	0.5496662	-1.1544094	0.182950230073172	0.189202211867579	0.590008857694633
ACH-000404	-0.747087	-1.067642	1.83631056225331	0.454117089142144	-0.158888490530399
ACH-000406	NA	-1.797749	0.345493242596111	-1.31928989412219	1.05886686028171
ACH-000407	1.438518	-1.348612	-0.537587567835135	1.18823382291322	-0.491403310120533
ACH-000408	-1.199499	-0.473054	-0.2724170083027	0.0838989356054107	-0.961570895251941
ACH-000410	NA	-0.8786761	-2.31874788269077	1.09278035371149	-0.123017610959924
ACH-000411	-2.044509	-1.007704	1.72936632438117	0.419822057602761	-0.132327714353466
ACH-000414	-2.031309	-1.911237	1.19423817576334	0.167571056266053	-0.271021188082631
ACH-000415	0.5562268	-0.8452198	0.249594163192145	0.617546882278536	-1.19869403367641
ACH-000416	0.2112761	-0.7972569	0.139763083757	-0.770775986948698	0.401282300822338
ACH-000417	-0.3403873	-0.3654909	-0.572842419525865	0.745735160765272	-0.62341601157485
ACH-000418	-0.5371127	0.8400199	-1.93104514259727	1.12938818034964	-1.6134736125684
ACH-000419	NA	-0.9558586	1.06542010111133	-0.575910915958407	1.54708560390708
ACH-000420	0.009124477	-0.971710209	-0.77207422204664	0.205125520508398	-0.325446557965196
ACH-000421	0.6905368	0.5248229	-0.726040609912015	0.540785106101041	-0.312664238678905
ACH-000423	-0.8531555	-0.6879156	0.328617143858136	0.0412408088443318	0.167151686412091
ACH-000424	NA	-1.220098	1.17060184461355	-0.946478627122094	1.20028545306865
ACH-000425	0.3079683	-1.4737208	0.396637433532522	0.962261021502853	-0.46834790407122
ACH-000427	NA	-1.146113	1.12236352528091	-0.281629536742532	-0.0126524697764229
ACH-000428	-0.08094699	-1.63649205	-0.966518438498224	1.11819002855748	-1.00282970352349
ACH-000429	2.0904514	-0.1374984	1.228660704523	0.416525623629093	-1.60904250569537
ACH-000430	-0.6081813	-0.7074514	0.939123150473669	-0.64294705259465	0.708302139272425
ACH-000431	NA	-0.2021247	1.41346881034775	-1.61610236299274	1.05551893322356
ACH-000432	NA	-0.9130383	-1.10629223471773	-2.42766455507522	1.31337633585319
ACH-000433	1.3694767	-0.2924677	0.72238614253307	1.08109356073104	-1.35244395727473
ACH-000434	0.9632453	-0.9062906	1.23216553415263	-0.397398884589709	0.628696261931864
ACH-000435	-0.3447144	-0.7474846	-1.11784114795515	0.895240539686111	-1.47654690973743
ACH-000437	-1.240146	-1.029248	0.652924244555907	1.01683939433648	-0.233897150786063
ACH-000441	0.2439324	-0.2634949	0.452125153127916	0.550406276717859	-0.499794870869084
ACH-000443	-0.2205923	-0.8397566	-1.35880768837372	-0.271497458359317	-0.841318744860272
ACH-000444	-1.025045	-3.115875	0.149523267261777	-0.817940706703174	1.12754549830805
ACH-000445	0.4609529	-0.8456445	-0.751844687023452	1.00814060012534	-0.717855412301567
ACH-000447	-0.2516902	-1.4541898	-0.956066370523494	1.04361121851959	-1.39526596145162
ACH-000449	-0.5468372	-1.0621257	0.923782740025337	-0.342087142108043	0.123672274000912
ACH-000450	-0.653526	-1.664023	0.795520682544752	-0.038661606372019	0.113406393748381
ACH-000452	0.322828	-0.4226365	0.64174847368658	0.430760017361119	-0.604979880113897
ACH-000453	NA	-1.734602	-1.63130702915886	-1.65485678503812	-0.668899220403588
ACH-000454	-0.9830717	-2.2621295	-0.12805998096432	0.519966025091426	-0.0909249277590837
ACH-000456	-0.1886799	-2.1598421	-1.64390845146049	0.329975296669542	-2.18727236467717
ACH-000457	-0.005368458	-0.115877881	-1.51320199679921	0.484336741718178	-1.44400658233439
ACH-000458	-1.114799	-1.043672	-1.54865741191202	0.723990844088691	-2.15985394633468
ACH-000461	-0.841754	-0.8659514	-1.69633274469549	-0.178037012481737	0.16551519106435
ACH-000463	-1.347389	-2.627287	0.995524839149307	0.44494693018746	0.894000407653226
ACH-000464	-0.8687714	-1.4102523	-0.0576782372979102	0.28684064885567	-0.971901013429785
ACH-000466	-0.5628166	-1.2753497	-0.729947366674097	0.185114883982153	-0.912435162809586
ACH-000467	-1.773235	-2.694583	0.275063087848625	0.267854442960301	-0.606837373025075
ACH-000468	0.08839931	-0.65915965	-1.03551279244859	0.00301225846778372	-0.298838509906517
ACH-000469	-0.5827916	-0.4869033	-0.553427449194682	0.368923269117744	-0.500524323167385
ACH-000470	1.729292	-2.040325	1.0672431127851	0.311606231139338	0.0439078280682561
ACH-000471	-0.4461999	-2.2226732	-0.0476527487651413	0.598711082676782	-0.310943084440986
ACH-000472	-1.726141	-2.483795	0.023806647029432	0.868117370370658	-0.448458645685071
ACH-000473	-0.7363794	-0.6450318	-0.170337787424138	0.413158368363288	0.100323888659244
ACH-000475	-1.372568	-1.144937	0.612575501224671	0.380683478245235	-0.240718508099489
ACH-000476	-1.436123	-2.850269	-0.371581586208271	0.21448360235218	0.546545910066908
ACH-000477	0.3071796	-0.4322199	-0.922918901374242	0.570335393913914	-0.827777940097078
ACH-000479	-2.075612	-1.107436	0.0110113601166117	0.368540452705824	-1.05830684243559
ACH-000480	NA	-2.116375	0.16321374802323	0.541358057177223	-0.421875240469465
ACH-000481	-0.05838856	-2.79510599	0.836262950713915	0.230409214102281	0.860829624393751
ACH-000482	-1.206887	-1.640743	-0.325780930682147	0.623738112150628	-1.48846180000386
ACH-000483	-0.2328603	-0.6110675	-0.36962583402223	0.632656646960097	-1.11892550200224
ACH-000484	1.121718	-0.803233	0.58841849232685	1.45309538297181	-1.75037589045545
ACH-000485	0.8463594	0.1654474	-0.512583464769359	-0.396876442965222	-0.980763397951785
ACH-000486	-0.3410015	-3.0937453	-0.0805001059257548	0.670528539391971	-0.652275480638204
ACH-000488	-0.8381941	-3.539076	0.696235782564454	0.971584904427795	0.133262656207159
ACH-000489	1.276088	-1.453478	-0.746060428608079	0.232429064983421	-0.532512360237164
ACH-000493	-0.1268369	-1.1501903	-0.414647349195748	1.25649925683093	0.0473934125822444
ACH-000495	0.5952686	0.1519669	-1.03446113931346	1.89920414166576	-1.39387932526613
ACH-000496	0.4004532	-0.8960508	0.173830335611314	1.0232004677159	-0.0697363120513871
ACH-000499	-0.7250447	-1.4482017	1.71745286170023	-0.807969032282501	0.841710452550933
ACH-000500	-2.625159	-2.243128	1.06458042996526	0.289995964234456	-0.177050923084029
ACH-000502	-0.03629269	-0.06743337	0.352540539728404	0.0494067935360561	-0.665102388434929
ACH-000503	-0.9647325	-0.9743933	-0.0548887028317548	0.980136248778425	-0.912967352940988
ACH-000504	-0.4501173	-1.8877178	-0.694781483883482	1.28979916486727	-0.840761409909289
ACH-000505	0.2354311	-0.7322041	-0.19741215405939	0.134315603248518	0.0672711424354247
ACH-000507	0.06016935	-1.30950915	0.944058571882861	-0.314917453534377	-0.427285770042918
ACH-000508	NA	-1.118735	-1.30214776034714	-1.94651984630712	1.50750103262347
ACH-000509	NA	-2.708749	-0.686318087220869	-2.15714251542801	2.45891107936631
ACH-000510	-0.8592185	-2.1597233	0.512108119219535	-0.580386277864728	0.64733705354109
ACH-000511	NA	-0.3008746	-1.30453367390854	0.751911542077171	0.863232334644961
ACH-000514	NA	-1.158577	1.22697028918922	-1.90353591925858	1.39965161816888
ACH-000515	NA	0.07130454	0.361516641443437	-1.19154382676559	0.840825656613519
ACH-000516	0.4461153	0.6509393	-1.16425486335305	0.956313521005026	-0.243018682403584
ACH-000517	-0.2760799	-1.8983171	0.42859160896797	-0.107962467280938	-0.244420655694396
ACH-000518	-0.3003346	-3.4764252	0.494026949986737	0.393988230294894	-1.08656413618016
ACH-000521	0.1692135	-0.8847361	-0.934643680083268	1.09228918990382	0.739249755015368
ACH-000524	-1.20651137	0.05196205	-1.11412169494304	-0.492537223327869	-2.16706579612399
ACH-000525	NA	-0.4816737	0.685682224410102	-1.35484306321162	0.956661801439035
ACH-000527	-0.4191694	-0.8776011	-2.46626421892868	0.811622631431363	-1.05565806647862
ACH-000528	-0.8764992	-1.1886326	-0.595417039443546	0.0579782106717355	0.188009312103619
ACH-000532	-1.146797	-1.512986	0.981735417293448	0.299283603641147	0.0502204424060969
ACH-000533	0.5489654	-0.7649906	0.62304038627244	-0.693053301658365	-0.487672220343501
ACH-000534	NA	-1.330289	0.260718753390995	-2.00748211161617	2.01321347455396
ACH-000535	-0.03500824	-0.39681621	-0.285899130007315	0.505242202902672	-0.0271940222608101
ACH-000537	0.9718472	0.8235961	-0.00427400702242787	1.13626946627445	-1.50367245852576
ACH-000541	NA	-0.2561004	1.14439916953721	-0.973909644351343	1.56625211214336
ACH-000542	0.2857502	-2.1892292	0.939127203662739	0.25969075950003	0.487176966768572
ACH-000543	0.2642224	-0.5097378	-0.652841058603638	0.972091401906937	-1.78359626837953
ACH-000544	-0.4733365	-1.5607757	0.873810373875384	0.283724893505032	0.231013707872602
ACH-000545	-0.5018984	-2.8573445	-2.42825580035293	1.00906532202578	-0.577548830923336
ACH-000547	0.1014416	-1.0218374	-0.925121204744899	0.587866301722685	-1.06731480871954
ACH-000548	2.1819758	-0.9618457	-2.95906961778995	0.873795045956235	-1.06122908765385
ACH-000549	0.3152205	-1.3943984	-1.92101275578241	0.483407230534157	-2.13875327451995
ACH-000550	NA	-0.4187402	0.929397445569304	1.16084053436611	0.175460850231474
ACH-000551	NA	-1.361606	0.258433810127223	-1.17920002988893	0.261782640569047
ACH-000552	0.0535338	0.2066802	0.655538218563184	0.138034818008442	0.840455920196494
ACH-000553	-0.0528659	-0.9684976	-1.86262994834136	0.748364393128556	-0.138702397374446
ACH-000555	0.749039	-1.597101	-0.581612933880864	1.62828804571359	-0.93331661133443
ACH-000558	-1.1438644	-0.7112679	-0.847173393947494	0.235780632976857	-0.102743046067185
ACH-000560	NA	-0.3400931	-2.29979669493218	-1.32843057561113	0.372053345593777
ACH-000561	-1.483014	-2.069893	0.771045309714685	0.0130761973998133	-1.18869299569697
ACH-000562	0.29955257	0.08463887	0.820690039501942	1.03174394173125	0.237630371280293
ACH-000563	0.6191773	-3.1139913	-0.922081087543959	0.722013178831248	1.18980128516374
ACH-000564	NA	-0.05679136	-0.0809259921719776	-1.35022871259694	1.46422113383944
ACH-000565	-0.3607533	-0.9813053	-2.57371909331931	0.505835330376098	-1.41107296016346
ACH-000566	-1.1720804	-0.7098471	-0.952183471909444	1.00211656760858	-0.748489249900398
ACH-000569	-1.079731	-2.196927	-0.445969924482761	-0.278096997408325	-0.737188562879447
ACH-000570	-0.03807377	-0.63770493	0.308327003062298	0.492819825358459	-0.341892555358474
ACH-000571	-0.461329	-1.594598	0.282426513854886	0.527524890171182	-0.366850490136484
ACH-000572	-2.232542	-1.942085	-1.40973655196017	0.187801813963218	0.444354200131088
ACH-000573	0.222459	-0.9607966	2.01958973213167	0.874404728339761	0.253275771574471
ACH-000576	NA	-1.040854	0.245360845717715	-1.40616386165604	1.510478067464
ACH-000579	-1.44024	-1.557993	0.454739713706989	-0.142415092307307	0.48485995843799
ACH-000580	-1.11985	-1.390327	-0.348907548586531	0.981259037335915	-0.681512500383205
ACH-000582	0.5588993	-0.1873609	0.584023501789991	-0.351814641679088	0.785567347048318
ACH-000583	NA	-2.444069	1.68413403524355	-2.23754588097955	2.28679137596805
ACH-000586	NA	-0.640047	0.27735731674691	-1.94075400559538	0.108664781106681
ACH-000587	-1.414132	-1.856965	1.02283145166817	1.58261558143418	-0.0740180046855661
ACH-000589	-0.8257527	-1.200106	0.643297682708146	1.23232466264222	0.0226936525552101
ACH-000592	0.03606209	-1.23009268	-0.513386177049343	0.445428142314333	-1.3653872930562
ACH-000593	-1.2821	-1.953403	1.23308404658602	0.674807930050255	0.565568023407598
ACH-000595	-0.6147197	-0.2918813	0.445099451258292	0.672392568933477	0.42847027823644
ACH-000597	0.04096304	-2.40387034	0.844923206055532	-1.28869343544937	0.553783829499384
ACH-000598	NA	-1.838427	0.542826763556971	-0.608314958462886	0.0727025358237102
ACH-000599	-0.2657232	-3.0609426	0.348714124303533	0.172263825820216	1.39126233093607
ACH-000601	-0.1897333	-2.6772741	1.15068655875373	-0.349272476601277	1.11285150643256
ACH-000603	-1.264931	-1.188705	-0.170729109123376	0.276538483746818	-0.807355088929355
ACH-000604	NA	-1.818444	0.800193734901915	-0.738958610381111	0.161408061488539
ACH-000605	-0.05731358	-4.42683025	0.389718601599062	0.321161640380953	0.490364903711919
ACH-000607	NA	-1.375622	-0.396936122552338	-1.58479523135725	0.268439610278173
ACH-000608	-0.8245253	-2.4708439	-0.947453713341005	0.0766755938585329	-0.593091432051985
ACH-000609	-0.8698599	-0.2907666	-0.258239908351356	1.16781371014824	0.16006038876584
ACH-000613	-0.2463361	-1.7435848	0.828210049722465	0.0125693156514798	-0.101100990722625
ACH-000613	-0.2463361	-1.7435848	0.828210049722465	0.0125693156514798	-0.101100990722625
ACH-000614	-0.5114854	-0.8942316	0.134146930608769	0.110438138880954	-1.05641740266124
ACH-000615	NA	-0.2960191	-0.601792684362836	0.72306479985365	-0.446194742872868
ACH-000618	-1.3877038	-0.7117468	0.716195711030339	1.05527638017296	-0.657092387980987
ACH-000619	-0.7948755	-3.2172144	-2.54151988657019	0.606363485512229	-0.0669675298007039
ACH-000620	-0.6234338	-1.0758208	-0.970308211100426	0.891688626049125	-1.19328928778908
ACH-000622	-0.3072789	-0.401954	0.300629755113088	-0.633330250740796	0.0415536143793046
ACH-000623	-0.6251962	-0.6228779	-0.00885157918254441	0.756083717088236	-1.31233190659958
ACH-000624	0.3773397	-2.2141284	-1.18337319644848	-0.0849394089204144	-1.00230205748453
ACH-000625	-0.5680993	-2.7166237	0.506024559928756	-0.074525878462271	0.315189986880026
ACH-000626	NA	-0.9975619	-0.578656851566185	-1.25565383031542	1.53693569037566
ACH-000627	-1.4845353	-0.7379174	-1.14214764280875	0.657285038093446	-0.999116185915902
ACH-000628	0.3815812	-0.2129794	-0.58244658902776	1.21089703439604	-0.53181774235603
ACH-000630	0.3066916	-0.3162103	-0.173682860682021	0.189739514469522	-2.3030706847697
ACH-000631	0.07963686	-0.65287025	-1.33380565790206	0.366324648434689	0.301866028357265
ACH-000632	-0.5783407	-0.5264664	-0.360121171006939	0.440755965397013	0.229053721006519
ACH-000635	NA	-0.459358	0.328332060042119	0.201060836025632	-0.235341582943008
ACH-000636	NA	-1.569309	-0.00948046770226183	-1.98396536810968	1.86014530569069
ACH-000637	-0.03655552	-1.4812977	-1.06955538116364	0.434120298507618	-0.32217872909264
ACH-000638	0.7097118	-0.9998887	-1.3073761073231	1.53046340272818	-0.420692246618843
ACH-000639	NA	-0.8078757	-0.159386625549412	-0.871348662520732	2.05593930669797
ACH-000643	-0.1862619	-0.5313788	-1.83365324528539	0.215812424370025	-1.06754681525797
ACH-000645	-0.1816065	NA	-0.478722890709827	0.868500327984718	-1.19880897368475
ACH-000647	-0.5820263	-0.8508585	-0.95232468211582	0.667382859773902	-0.0329858912571721
ACH-000648	1.217446	-2.59121	0.532811683677749	1.07965304921694	0.522298096477733
ACH-000649	0.9846225	-0.796504	-2.35757369022055	1.36173530614247	-0.0953523779136528
ACH-000650	-1.2765532	-0.1175864	0.571718581780234	0.0790320621417226	1.26209853598692
ACH-000651	0.2739661	-1.5508373	1.02532212113235	-0.423479434132305	1.61465613849171
ACH-000652	0.3438911	-0.1461819	0.938605456903034	0.200360227521693	0.640266971418615
ACH-000653	NA	-2.156843	0.875158009475535	-0.531351976493989	0.50850191071639
ACH-000656	NA	-1.736512	0.844567719252375	-1.95348844540617	2.44676556935597
ACH-000657	-1.949836	-1.259338	1.08807808306567	-0.397931563778115	0.42958487157729
ACH-000659	NA	-0.3492414	-0.131392116878379	-1.448818726855	-0.10279008054448
ACH-000661	-1.2568003	-0.4202901	-0.798525536301008	0.472536488786301	-0.558126581381962
ACH-000662	-0.1057185	-1.7742824	-0.0413706631226531	0.783238055520959	-0.327036563307713
ACH-000663	0.6524822	-0.7130411	-1.09550169224518	2.15817963016102	0.371622771402586
ACH-000664	NA	-3.821955	1.04379011401454	-1.63376340136872	1.32863800029164
ACH-000665	-0.4220831	-0.5952368	-0.39751564996187	1.53991335761644	-0.671660861159654
ACH-000666	-0.0539099	0.3684042	-1.09961817061874	0.797955324098386	0.605118617308898
ACH-000667	-1.297042	-1.779349	-2.48081990914023	0.839656406419555	-1.03692884080337
ACH-000669	-0.36487238	-0.03711263	0.456024083089171	0.939441517120275	-0.489859219548427
ACH-000670	-0.4982163	-2.0035716	1.49568802589609	-0.337297143393952	-0.488028630877392
ACH-000671	-1.735802	-5.300987	-0.717791146113408	0.602666600559196	-0.396095264450028
ACH-000672	-0.866272	-1.787043	-1.01515942141861	1.18671029763801	-1.11905000691363
ACH-000674	-2.763696	-1.173414	0.972274509518481	0.441354026944691	-0.316565527657469
ACH-000676	NA	-1.906435	0.333867130881552	0.459126293448522	0.294699431202019
ACH-000677	-0.4485378	-1.9950905	0.825299046723117	0.074227268693186	0.375361379753561
ACH-000678	0.1863829	-0.2925944	-1.37386836486352	1.09310227365399	-0.211858278799449
ACH-000679	0.2054114	-0.7563465	-0.0997498531536866	0.0647369505909639	-0.85735532653837
ACH-000680	-0.2349753	-3.3335332	0.265190205065473	0.711048028537572	-0.536904483359469
ACH-000681	-1.390356	-2.672421	-0.586345537590885	0.426583718853711	0.590302233226115
ACH-000682	-0.5458878	-1.3354182	-2.18163981810188	0.310929247143649	-1.86698688621817
ACH-000684	0.8320993	-0.6613872	0.811264880236981	1.54044158515233	-0.149728223061368
ACH-000685	-0.8663973	-1.3271435	1.35518372533319	0.603544845278476	0.178743756354448
ACH-000686	-1.535584	NA	0.269542929972705	1.55457623974529	-0.677367461006417
ACH-000687	NA	NA	0.157656953649799	-2.19482655071289	2.51464788584296
ACH-000688	0.138699	0.6875917	-0.0474371077417226	1.35219012675467	0.438730053079353
ACH-000692	-1.543534	-2.2962	0.0179524586423443	0.917976771464956	-1.2883054951874
ACH-000693	-0.802903	-1.430622	0.191405126956717	0.0292036836827175	1.03709188155451
ACH-000694	-0.7616687	-2.0069153	0.00118749600122226	-0.0922765999297761	-0.260499302170413
ACH-000696	0.2010339	-2.0551872	0.198568378752783	0.427772094684999	0.815546794416837
ACH-000697	NA	-2.597456	-0.278198102772259	-0.666593326140538	-0.810930686816414
ACH-000698	1.259803	-0.2030637	0.474880230448951	-0.0218899816402784	0.184877932895858
ACH-000699	-0.7370993	-1.7208187	-0.232799708511233	0.64078794259866	0.282970404715645
ACH-000701	-0.772849	-1.789917	0.3959343666603	0.241453633704826	0.378480916372651
ACH-000703	NA	-0.7870465	-1.05706627977731	-1.27040617139856	1.7773041754178
ACH-000704	0.277156	-3.511812	0.507878371472186	0.904985217587979	0.342637167902578
ACH-000706	-1.1882064	-0.6728329	1.28549119298436	0.752471417482826	-1.68462676787591
ACH-000711	-0.7870062	-0.543483	0.144420855701569	0.287543041048312	-0.372455932151402
ACH-000713	-0.9354537	-0.4507852	-0.594723250384069	1.31344524158239	-0.45262753008811
ACH-000714	NA	-1.456534	0.0820530859176637	-1.34597647761965	1.43706906981328
ACH-000715	0.1936168	-1.6719684	1.57640878942352	0.116563248011262	-0.826152801288004
ACH-000716	0.7662357	-0.9068123	0.746505290892875	0.636124383647524	0.438405803174425
ACH-000717	0.1892276	-0.3749152	-1.13292339762365	0.543127768181468	-2.18774993194349
ACH-000719	-0.1021137	-0.5858424	-0.969139463900419	1.16602986077019	-1.96869564517645
ACH-000720	-0.08370067	-1.34969476	-0.275673134609618	-0.332551009202753	-0.755317321004155
ACH-000721	-1.356506	-3.749163	1.17677075824713	-0.687862330864435	0.561067141806876
ACH-000723	0.6904896	-1.053439	0.183329731391956	0.44867025654454	-0.23704552113879
ACH-000724	-0.7417926	-2.2511762	-0.975681717742211	-0.151812166112749	-0.252025882114036
ACH-000726	-0.04719046	-2.26626889	1.74815317744303	-0.218161393158932	0.118821559749535
ACH-000728	NA	-0.318425	-0.506604263930302	-2.15145297377495	1.73504548389731
ACH-000730	-0.6816126	-1.5777638	0.0930968896526725	0.595360622206948	-0.420314636480422
ACH-000732	-1.212581	-1.411221	-0.452040407288764	1.03636765803714	-0.88690671381888
ACH-000733	0.1834994	-0.4986778	-0.418422527747952	1.28538533180333	-0.0147156147533386
ACH-000734	-2.542314	-1.275447	0.718520064325509	-0.135279417262785	0.0756773572107621
ACH-000735	-1.065757	-3.283551	-0.342326589265043	1.46200099102545	-0.746039210471305
ACH-000736	-1.703414	-1.048791	0.467769641572324	-0.180560178322795	-0.0394276177615097
ACH-000738	0.1384364	0.2786893	-0.282980565350676	0.164463977617204	1.26751653640438
ACH-000739	-1.466975	-4.132433	-0.102734514050814	0.674421829312937	-0.880213156116648
ACH-000740	-0.6606314	-2.6107187	1.04595547216949	0.93809536759712	0.398062139045943
ACH-000741	-1.505405	-2.967639	-0.967136237474399	0.752972592827757	-0.999139927839683
ACH-000744	NA	-1.967795	-1.52943106242348	-0.140243950198279	0.278595046464566
ACH-000746	NA	-1.718065	-0.514304766301612	-0.544585840158274	0.0453434901061228
ACH-000747	-2.062933	-2.177388	0.508274714325265	-0.930426629557504	0.60540565626116
ACH-000748	0.247353	-0.7069601	0.0163455354577345	0.278539788818664	0.0944902410826616
ACH-000748	0.247353	-0.7069601	0.0163455354577345	0.278539788818664	0.0944902410826616
ACH-000749	-2.9336907	-0.2808354	0.763109824261216	0.0949702863016625	0.727643148972983
ACH-000750	-0.7713618	-1.8726988	0.918117338714114	-0.361442780657425	0.105683922949112
ACH-000751	NA	-2.697434	0.860768404758553	-2.0553159795113	-0.326466919607572
ACH-000752	NA	-0.3968709	-3.19571619705821	0.135495734521421	-0.0791179377011847
ACH-000753	0.1365419	-1.4214354	-0.172978521649752	0.0774551439062342	0.422042111775072
ACH-000756	-0.9123207	-0.9567923	0.0694132094899182	0.306549975913292	0.391139996537093
ACH-000757	NA	-1.691356	1.11503199636924	-0.419890561870859	1.28518620748486
ACH-000758	0.4890767	-2.9351952	-0.718209424950765	-0.871592292056296	-2.13128811300585
ACH-000759	1.08453268	-0.02657566	0.228235969838543	0.247117467108541	-1.58766340915662
ACH-000760	NA	-0.6271854	1.73246534339382	0.621571025243778	1.02208485242733
ACH-000762	0.470231	-2.48849	-0.199308228134432	0.768519264636849	-0.198129558696992
ACH-000763	NA	-2.083455	1.37059195166392	-1.18151551607455	1.87160975662016
ACH-000764	-0.7068802	-1.9247893	-0.071466610753463	0.367670602394931	0.320164508870702
ACH-000765	-0.2222101	-0.9997401	-0.740401894318754	-0.144001993458272	0.0188376393478515
ACH-000766	0.8444929	-0.7462624	-0.50357483830321	1.23988255468117	0.130849746754277
ACH-000768	0.1256128	-0.9409406	-0.422742132652311	0.936043621592185	0.441939870399793
ACH-000769	-0.8984861	-4.8016765	1.04414374833454	-0.225393700366459	0.749104046014945
ACH-000771	-0.8887182	-2.2060102	-3.27362860952976	0.492354614015758	-4.04010244994185
ACH-000774	0.773181	0.4638794	-0.376104760620981	1.06213890041266	0.0379110514980704
ACH-000775	0.4454327	-0.946559	-0.0345610570418337	0.661435964805788	0.363814150787158
ACH-000776	-1.4142905	-0.8717496	0.387217947994581	1.47627954817831	-0.518365036258143
ACH-000776	-1.4142905	-0.8717496	0.387217947994581	1.47627954817831	-0.518365036258143
ACH-000777	-0.1138722	-2.8113263	-2.46303601086506	0.271887893835735	-2.91887394918972
ACH-000778	-0.3598166	-1.286344	-0.117771869033759	0.582246744899516	0.619887520691233
ACH-000780	NA	-3.547493	-1.16604591899604	-2.09803731739083	2.12701068318993
ACH-000781	-1.437743	-2.346663	0.126770999655291	0.741122538549167	0.271154354653608
ACH-000782	NA	-1.202706	0.24144868049927	-1.77466785957363	1.97020655073994
ACH-000783	1.1460507	0.1818959	0.927489351654486	-0.974363519199709	0.296463010086866
ACH-000784	0.04652154	-1.12933101	0.817699726702248	-0.0634189915121172	-1.01246992775622
ACH-000785	0.4019265	-1.5584888	-2.39173309456629	0.955113061937249	-1.03314812373779
ACH-000787	-1.015716	-2.407602	-0.947207774332487	0.0983759323043463	-2.25021063937675
ACH-000788	-0.05588836	-0.60214305	-0.0650527367033446	0.618485284623592	0.0839967914115998
ACH-000790	NA	-0.8265686	0.796273079463627	-0.880995469268209	1.1093547323867
ACH-000791	0.1657943	-0.2578327	-0.593656587917303	1.00562775343911	-0.135970354886914
ACH-000792	0.5081021	-0.5227211	-0.809864780939086	1.3420379969398	-0.918624356352054
ACH-000793	NA	-2.876886	-0.660877502559391	0.341594101005909	0.141291585260804
ACH-000794	-0.2965792	-3.198943	-1.33221541079192	0.441898590512073	-3.22617942166413
ACH-000796	-0.6660317	-1.4693632	-1.0880049233548	0.963658309524224	0.175638742293322
ACH-000800	0.003074879	-1.140077881	1.69982103369444	-0.743627298852222	0.552567650735907
ACH-000802	-0.49379	-0.4834399	-0.671890997492706	0.346080872224993	-0.499659735212535
ACH-000803	-0.7841723	-2.0159129	-0.647391837618928	-0.727646518635743	0.895617941423201
ACH-000804	0.3505032	-1.4595578	1.77673097516672	-0.764322466533712	0.862512186018437
ACH-000804	0.3505032	-1.4595578	1.77673097516672	-0.764322466533712	0.862512186018437
ACH-000805	-1.548201	-1.54242	1.32993810710479	-0.101790253802288	-0.494035344221073
ACH-000808	-0.4013302	-1.8399412	-0.82110155395355	0.785053983331275	-0.935118219161393
ACH-000809	-1.522583	-2.555147	-0.842388377702164	0.192874400347312	0.314539547042415
ACH-000810	1.1466001	-0.4993873	1.10404614854604	0.13756041310293	0.531935646494518
ACH-000811	1.110537	-1.210199	-1.30839546657157	0.572541791200014	-0.0288720196167908
ACH-000812	0.4986592	-1.4103319	0.60746411696156	0.00182430320770761	-0.505219357310639
ACH-000813	-2.076665	-1.725838	0.638367647920385	1.17250038766354	0.379954230254398
ACH-000814	-0.4736502	-0.4849926	-0.212851237637949	0.889217712217591	-0.0340196375068633
ACH-000815	NA	0.1616097	-0.306112587580204	-1.61851491468766	0.845660016381512
ACH-000816	NA	-0.1780126	0.248924086733115	-1.06213825694955	0.925260229241988
ACH-000819	-0.8260317	-1.9260719	-0.393247018651951	0.737177351792817	0.818938958502355
ACH-000822	-0.7954004	-1.0493336	-0.480749000024485	1.25212217235806	-1.33485108042725
ACH-000823	0.0158722	-0.9794166	1.14689273229049	-0.281196663563605	0.780969221607984
ACH-000824	-1.480841	-2.996108	0.769521779012805	0.789400292343783	0.997174081579062
ACH-000826	-0.3417034	-2.632869	-1.24234725969853	-0.0152743767742459	-0.0605312817364059
ACH-000827	-0.7934722	-1.2287189	-0.846452635769246	0.584411553565656	-0.485114343766181
ACH-000831	NA	-1.065447	0.0324789671573131	0.978173709934472	-0.120598968650349
ACH-000832	-0.8935919	-1.4557611	0.13767683602553	0.752756042925324	-0.00947157622403771
ACH-000833	-0.2028315	-0.9692299	0.877873996953529	0.223335703916018	1.00708328881174
ACH-000833	-0.2028315	-0.9692299	0.877873996953529	0.223335703916018	1.00708328881174
ACH-000834	-1.355637	-2.320889	0.137313647281642	0.887431849169767	-1.50699557069235
ACH-000835	1.38438	-1.231619	0.551424913141515	0.118737380988969	0.723888836372119
ACH-000836	1.1489401	-0.9817908	-0.582241080825721	0.589037760337724	1.12137472237445
ACH-000837	0.9846396	-1.7961303	-0.0133811818791475	1.09062316506656	0.16463191274665
ACH-000838	NA	-2.701357	1.45713623803696	-1.09201484509669	1.82051654299953
ACH-000839	-0.7242168	-0.6682964	0.317315456617124	0.718433969194323	0.0735390231000804
ACH-000841	-0.3477594	-1.6698621	-0.115614939116187	1.88818455684131	-0.212230336478693
ACH-000842	0.6864703	-0.4735981	1.1347703982455	0.642956050018018	0.835912094754855
ACH-000843	0.5580988	0.04075562	0.559857065681349	-0.171690085572541	0.89563779162536
ACH-000845	-0.4016632	-0.1847675	-0.146187756689967	1.22804450579743	-0.687381908882561
ACH-000846	-3.476791	-1.957097	0.685669396566299	-0.136307068360223	0.247214549807285
ACH-000847	-1.2710391	0.08688834	2.0408836650485	-0.0311969808842228	1.58603184826996
ACH-000848	-1.98839	-6.422484	-0.063066636940732	0.0925277800688883	1.19757306465769
ACH-000849	-1.6346378	-0.7372181	-0.445045355969198	0.547212099153724	0.259737184341111
ACH-000852	-1.1113374	0.6245713	-1.68279617737793	0.0330297016968739	0.291288364393304
ACH-000853	-2.075804	-2.436794	-0.268766625882126	0.257288118988736	-0.785953734239253
ACH-000855	-0.744258	-2.379887	-0.742244139080461	-0.258995328624377	-0.378940776935349
ACH-000856	-1.6025794	-0.9712476	0.530612431973888	0.243295085907306	0.72274772222809
ACH-000858	-0.4856913	-2.2664205	-0.641494697383956	0.916243016003205	-0.370388755923164
ACH-000859	-0.1889284	-2.0183946	-1.16099566517971	1.00610065743858	0.187919496760033
ACH-000860	0.1474743	-1.3290878	-1.23419299270865	1.31418573743546	0.0457977923555908
ACH-000862	-0.6443019	-1.8704435	-0.983870258564642	-0.401592387404427	-1.24162498017438
ACH-000863	-0.8001645	-2.0340704	1.83560431307233	1.73507671851828	-0.574610289592858
ACH-000865	NA	-1.264545	0.572466670708756	-0.404228904550084	-0.250637221601584
ACH-000866	-0.5032654	-0.9022995	1.66212940626904	-0.162626700176204	0.720637138436107
ACH-000867	NA	-2.831889	-1.0331203454051	-0.290678294498717	0.0395998237242815
ACH-000868	-0.07836812	-0.5877392	-0.770363535916117	1.06148043117982	-0.999587743851672
ACH-000869	-0.897568	-2.900886	-1.58981884540978	0.650884663256847	-0.35102843284637
ACH-000870	NA	-4.33011	0.352921603363777	-1.55933940114959	1.3252122727341
ACH-000872	NA	-1.946744	0.551282638952657	0.493654245562586	-0.726782101720874
ACH-000872	NA	-1.946744	0.551282638952657	0.493654245562586	-0.726782101720874
ACH-000873	-0.4568069	-3.9905885	-1.76976446224114	1.46393872178197	0.0382520179583542
ACH-000875	-0.2186151	-1.2021974	-0.355743179648452	0.827963299722927	-0.220691112879073
ACH-000877	NA	-2.135304	-0.366822504702759	-2.59355564803604	0.416610562901498
ACH-000878	-0.6357541	-1.908669	0.142494149672684	0.285742492833125	0.838235484837289
ACH-000879	-0.8133048	-1.1430445	0.644559802311898	-0.48937099115933	0.831550894127831
ACH-000880	0.02857287	-1.63122565	-1.92978428089434	-0.349754757316681	-0.245032680588132
ACH-000881	-1.725762	-1.957554	0.29533372572154	0.669483783827721	1.11344305928122
ACH-000882	0.2018298	-0.3961782	1.07015806811017	0.59014870073148	0.022899995104463
ACH-000883	-0.2161348	-0.9782499	-0.719935676381257	1.52219489304471	-0.186314601194829
ACH-000884	-0.2802087	-0.7123065	1.63346636655584	-0.240839885829119	0.120834857137473
ACH-000885	0.2762887	-1.6991979	1.03176337958192	1.53494751471278	-0.739800489017537
ACH-000886	-0.3266898	-2.7075714	-1.21068630748482	1.53219836665255	-0.397656516617281
ACH-000888	0.5094792	-0.7160655	0.818702716140528	1.10740949411298	-0.512959869341634
ACH-000890	-1.09006	-1.917342	-0.215476215936574	-0.10138389920704	0.476539945264738
ACH-000891	0.9179575	-1.3284435	-0.500532790963389	0.746604393305565	0.674526198844635
ACH-000892	-0.9540127	-0.8073543	2.20334681057087	1.15903570148222	-1.2609000853129
ACH-000893	0.5736181	-0.4216136	-1.59461402904336	0.0470552656416828	-0.46150243425023
ACH-000895	-0.1119965	-1.2965725	0.76094111381417	0.685592620098365	-0.212569378079508
ACH-000896	-0.3400617	0.08798246	0.151921116551902	0.643219238998303	0.284763538005047
ACH-000897	0.3633423	-2.1350731	0.204216426511423	1.16606950168281	0.296963903729122
ACH-000898	0.6804843	-1.0800114	-2.45247447687061	-0.600722877143395	-0.186609988872816
ACH-000899	-0.8615358	-0.4784575	-0.642313931815426	0.402651137996982	-0.658320702151847
ACH-000900	-0.3224325	-1.8274607	-0.0245030611856912	-0.500271505841286	0.800080846943465
ACH-000901	-0.2507434	-0.8554291	-0.543929635819371	-0.119585607135159	0.259276640661968
ACH-000902	NA	1.206599	0.820179202610146	-0.550864501131065	1.41290794554455
ACH-000903	-0.8354498	0.189501	0.138601847659535	1.31696174277469	-0.119990824340898
ACH-000905	-1.0944147	-0.8805594	0.198607660415597	0.694601205789173	0.357990470517321
ACH-000906	-0.153	-1.286595	0.271810127677694	0.443713279028695	0.439632871795171
ACH-000909	-1.09632	-0.8263918	-0.502120434214981	-0.234672887832312	0.121823314632219
ACH-000910	NA	-2.72454	1.54628877395339	-0.533814037769884	1.61785153638233
ACH-000911	-1.473353	-1.267301	0.0813131063846149	0.226535802279191	0.927318601372398
ACH-000913	-0.199426	0.2992193	-0.292060774454471	0.42642240443802	-0.206950426561025
ACH-000914	NA	-2.2019	0.189863204673811	-2.43446806323948	2.35806504473127
ACH-000915	0.3012849	-0.9111795	0.732922994507302	-0.2219168334072	-0.284240925955653
ACH-000916	0.618428	-1.472756	0.104641050216664	1.03827136038836	-0.807400068216174
ACH-000917	-1.5965794	0.07138914	0.244612624560941	0.653525002576466	0.119462848689628
ACH-000918	NA	-6.244235	-0.977490072510704	-2.11023310541897	1.34561074107027
ACH-000919	-0.7555381	-1.757528	1.64656000613723	0.488547444748529	0.0405478224628469
ACH-000920	NA	-1.477549	-1.31301211135424	-2.06665120846187	0.660589655915804
ACH-000921	-0.2806994	-1.9806795	-0.529085440618835	0.650611126771847	0.420895500754676
ACH-000922	NA	-0.7256303	0.695614165239812	-1.72970949426569	1.77873202504211
ACH-000924	-1.244837	-1.756136	1.01017157836211	-0.151078426398425	0.423613304764706
ACH-000925	NA	-0.9762486	1.63879626347971	0.154150333565056	-0.509848438408436
ACH-000926	0.1033934	-1.7096233	1.2170555511088	0.294255097371421	-0.412384134016611
ACH-000927	-0.3833204	-1.6819737	-0.0138406610866876	-0.366928785489172	0.749446588277065
ACH-000929	-0.5881115	-0.5568861	-1.08826790128314	0.812697867590887	-0.0330949038693118
ACH-000932	NA	-0.7800413	1.50472426293851	-0.67190402020329	0.989616515305877
ACH-000934	-0.1253528	-1.6048279	-0.00235209676646815	0.293462040056337	0.194059836547825
ACH-000935	NA	-1.052446	0.218441818618677	0.329993671793208	0.307563836763328
ACH-000936	-0.4564752	-0.3485071	-0.483067138652292	1.84858641710884	-0.550580280830606
ACH-000937	NA	-2.326853	-0.725651678222542	-2.34969754720658	1.75083688493766
ACH-000938	NA	-0.8276795	-0.751897563919029	-1.90380774451595	2.15262541588843
ACH-000939	-1.207446	-2.562396	-0.0301110521746283	-0.0865919449464607	0.926990606741926
ACH-000940	-1.6158329	-0.8655809	0.651504873370218	-0.483803314534629	1.11995728337436
ACH-000941	-0.8831247	-0.35217	-0.000409117077399339	0.539827020148453	0.0881104188227358
ACH-000942	NA	-0.681737	0.178388521253046	-1.70642903652303	1.81934268050029
ACH-000943	-1.360741	-1.830228	0.375604146776576	-1.62512082373959	0.29072927480165
ACH-000945	-0.3182009	-1.1937165	0.137800289162723	-0.488442474599688	-1.24564482234628
ACH-000946	-0.5088889	-2.8336347	-0.699112034624133	1.29321401165664	0.360498663286487
ACH-000947	-3.237476	-1.350271	2.22020761345439	-0.52034492832015	0.47331471265738
ACH-000948	-0.25923495	-0.07926301	0.372682642719965	-0.0214631712961548	-0.375055562937874
ACH-000950	-0.9275688	-0.7606483	1.8303378148637	0.0624089504352489	0.621378536990547
ACH-000952	NA	-2.063352	1.09309669585831	-0.483113970668841	-0.705047366542267
ACH-000954	-2.082143	-1.171885	0.059090180633752	0.691684216151794	0.471849100824847
ACH-000955	-2.05962	-2.160475	1.25979817554097	0.127226003006013	0.1523510825821
ACH-000956	-1.3376394	-0.8526658	1.92020342330172	-0.817375368080822	1.17265621344512
ACH-000957	0.8434773	-0.8806258	0.964222106869495	0.982451702794844	-0.213132874165618
ACH-000958	NA	-2.127642	-2.29720685099061	0.109561443262316	-0.104684916076789
ACH-000959	-2.500901	-2.265197	1.64115521213646	0.768375132840131	-0.14172919874235
ACH-000961	0.2888763	-0.7518038	0.486883655754632	0.537545449061817	0.321229029287031
ACH-000962	0.5561111	-2.1325945	0.473958159132186	0.917971868507556	0.2510199499634
ACH-000963	-0.2120636	-1.5917571	-0.875077970122055	0.150945079322185	0.714324155242373
ACH-000964	NA	-0.8384672	-1.20904265579852	-2.34801240341554	2.13372491870315
ACH-000965	-0.3810265	-2.9550093	0.657366983207552	0.201367992122657	-0.205591885767929
ACH-000966	-1.137749	-1.220658	-0.136926443887483	1.08752966799836	-0.321914319084245
ACH-000967	-0.2891892	-1.0810496	0.539956415997811	0.366337120077608	-0.819386952960562
ACH-000968	-0.279919	-3.725383	0.150313474799108	-0.0891634428680439	0.185096358873165
ACH-000971	-0.9474258	-2.3676246	-0.356448804295395	0.32222560112154	0.916539216028775
ACH-000972	-1.792072	-1.209067	0.125669511839813	0.262638068891551	0.626434721519413
ACH-000973	-1.199587	-2.553365	1.11240306848515	-0.115797613587171	0.809550028580428
ACH-000974	-1.04383746	-0.03954621	-0.502383128601999	0.216539831954434	-1.74959757267875
ACH-000976	-0.4937492	-0.8699977	0.325499486016312	0.711175221067672	-0.0766475266568448
ACH-000977	-1.946581	-2.076002	1.23230059701649	-0.258623902514658	-0.823073419336304
ACH-000978	1.5682365	-0.1995011	1.24886768143724	-0.484745710344698	-0.290109036893959
ACH-000981	NA	-0.2215473	0.0579333309511008	-0.998274181916206	1.92411992853546
ACH-000982	-0.5724781	-1.0659824	0.99842057441305	0.0364987599370658	0.404509583502445
ACH-000983	NA	-1.565287	0.97191168017577	-1.22857053660446	0.228345679993408
ACH-000984	0.6382818	-0.8863908	-0.0834226528184522	-0.347887457289456	0.0770556117777851
ACH-000985	-0.9135024	-2.5119263	1.503509373674	0.581739677280411	0.954216554850759
ACH-000986	-0.3514495	-0.1161214	1.88879890953932	0.600572764253927	0.29102141952121
ACH-000987	0.22312793	0.07824854	-0.508103764405887	0.111497251917294	0.583903236411389
ACH-000988	-0.4944425	-0.5753557	0.690074655241705	0.605969592801999	-0.62796426226793
ACH-000990	-0.6356405	-1.8065466	-1.23826180366936	0.0301345592883077	-0.734648667204232
ACH-000991	-0.9021529	-2.2561401	-0.0266161960678505	-0.0896108086200345	-1.28824291230909
ACH-000993	NA	-1.345874	-0.767502161442453	1.28358516345473	-0.958593567928815
ACH-000994	-0.1903353	-0.5767221	0.360277450686858	0.202807120151987	0.463634079546145
ACH-000995	NA	-0.7271856	0.437530254795608	-2.27451326041334	1.68699646538905
ACH-000996	0.02909275	0.39085825	-0.555826007165557	0.5683887157506	0.694873243517464
ACH-000997	0.2124735	-1.1792625	1.03580871542717	0.22303847767989	0.894649066439225
ACH-000998	-2.7183268	-0.6169052	1.23400485433878	0.511256417315946	0.50786036789668
ACH-001001	NA	-2.449529	1.26965370954754	0.114935336070738	0.0779559155500097
ACH-001016	-0.4378135	-1.1084516	-1.81028242519308	-0.386454187695191	-0.679090917753236
ACH-001020	NA	-1.202695	1.45028754323454	-0.298770393685974	1.65903510587205
ACH-001022	-0.6606044	-2.4783081	-0.0665079389423598	-1.08023849845585	0.706469689682036
ACH-001028	NA	-1.449091	2.36434617153488	-0.323109748787227	-0.367056716116234
ACH-001029	0.3149032	-0.8645919	-0.124326952591613	-1.23202766078789	0.0608537254933452
ACH-001033	NA	-0.6285932	0.901016225088764	-0.795774552758233	0.447770805521808
ACH-001038	NA	-0.9887066	0.526154583168302	-0.723291416864778	1.16440422642633
ACH-001050	NA	-2.051073	0.147688693170646	0.306224554540643	0.935965036127236
ACH-001059	NA	-2.622215	0.596151291859552	-1.09787958250675	-0.638847872637286
ACH-001075	-1.305536	-1.663931	-1.1892740281573	0.514345993696265	0.16670438569036
ACH-001096	NA	-5.22433	1.17447317102892	-0.521140826747411	1.61476225431516
ACH-001099	-0.3315006	-0.969209	1.04139895832134	-1.03933895274173	-0.446070606032205
ACH-001106	NA	-3.431338	-0.573512680180344	-2.06230196118661	2.22458647414225
ACH-001111	NA	-2.181443	1.45972089839711	-0.814840631847477	1.51243334723121
ACH-001113	0.09306379	-2.31573088	-1.2451414140149	-0.365067141109752	-0.296603299495767
ACH-001128	-1.527984	-3.136373	-0.222923045036201	-0.495762651409156	0.0018576759045916
ACH-001128	-1.527984	-3.136373	-0.222923045036201	-0.495762651409156	0.0018576759045916
ACH-001129	NA	-0.8223425	-0.111603642628031	-1.45642172261511	0.575553778294237
ACH-001145	-0.7330588	-0.8132212	-0.388141194163908	1.06810716853305	0.478794713410447
ACH-001148	NA	-1.502204	-0.802920103776512	-1.97465534428797	0.908923462807542
ACH-001163	-1.850603	-2.36774	1.54004629114301	-0.38193891135004	0.0254247129862929
ACH-001163	-1.850603	-2.36774	1.54004629114301	-0.38193891135004	0.0254247129862929
ACH-001164	NA	-0.7046216	0.613651877263425	-0.416389812484858	-0.382928914939866
ACH-001184	NA	-0.4792758	1.13346736885758	-1.25642311449773	1.02483964910478
ACH-001190	-0.6781613	0.4650055	-0.891573130517024	-0.125854084006745	0.116247810252787
ACH-001192	-0.08808705	-0.82557588	-0.201365223457057	-1.40657795358456	1.15974918858644
ACH-001192	-0.08808705	-0.82557588	-0.201365223457057	-1.40657795358456	1.15974918858644
ACH-001193	-1.5937285	-0.7346911	-0.380117479735082	-0.975740345225606	1.02490140550118
ACH-001196	NA	-2.702775	0.674518581907567	-0.391613734487484	1.28172481152864
ACH-001200	0.826105	0.1239264	-1.12432384870853	-1.44909666099147	-0.618436007798215
ACH-001210	-0.06835878	-3.02155195	0.402829159538831	-1.26885853878973	0.546709429929282
ACH-001211	-1.165505	-1.361395	0.124218474336564	-0.836723776006255	-0.817890787511623
ACH-001232	NA	-0.7671122	-0.290168717536101	1.84486172854803	-1.15416593733514
ACH-001239	0.9719879	-1.3395812	-0.397227452453038	0.149523820773135	0.270472554778561
ACH-001283	NA	-0.89067	1.79769333330859	-1.22528080789202	0.991277572549847
ACH-001289	NA	-1.339899	0.139896505478266	-1.11278850471937	0.746994813742882
ACH-001300	NA	-1.195315	1.15297396746941	-1.4506478604043	1.08853985255985
ACH-001301	NA	-1.154517	1.46810224235132	-0.733453865302973	0.39734807532934
ACH-001306	-0.4300235	-1.5682898	-0.145915082669895	1.20672445671742	-0.441696026083333
ACH-001307	-0.8827417	-1.2024081	-0.613870597690495	1.00840598099005	0.946518949378181
ACH-001310	NA	0.4255953	-0.626336418315158	1.26810034013928	0.127912384912222
ACH-001310	NA	0.4255953	-0.626336418315158	1.26810034013928	0.127912384912222
ACH-001318	-0.3339421	-1.9815568	-0.825596264216131	0.3837961926941	0.163804698676484
ACH-001321	-0.0863596	-3.19419	0.323188919528879	-0.591148670594664	-0.838023782936779
ACH-001329	NA	-0.04185694	0.514847608163312	0.775261871607244	-1.25452286286907
ACH-001332	NA	-2.706135	1.85207657314073	0.046812538120851	0.131706390565313
ACH-001333	NA	-3.255668	1.72618386028357	-1.10061910989447	0.44558635087292
ACH-001334	NA	-0.6229184	-2.71086112875059	0.752633623124849	-0.568311102730818
ACH-001336	NA	-1.91773	-0.268130356190178	0.835803634587682	-0.259217449307541
ACH-001341	NA	0.2377737	-1.7740236060547	0.0599698169964139	-0.465714783872314
ACH-001344	NA	-1.622184	0.553175240942476	-0.304588236997476	-2.01885897059966
ACH-001345	NA	0.2694603	1.92569240758174	0.354567634910978	0.451184474318218
ACH-001346	NA	-0.7022573	-0.750963911617829	1.34609982722072	-1.37627269036512
ACH-001347	NA	-0.1099169	-0.92026615203087	0.103497542001112	-2.67521566783569
ACH-001353	NA	0.2211272	-0.940087683794244	0.284180365844227	-2.75921601462345
ACH-001356	NA	-1.212668	0.80224112790782	1.39983493921164	-0.422118940366512
ACH-001360	NA	-2.049616	-0.646060099970149	-0.0361417512910913	1.118025074889
ACH-001368	NA	-2.033497	1.51341866151883	0.100955284662055	0.477603778287865
ACH-001369	NA	-0.8350091	0.482045131954669	1.85653299429948	-2.75884401383764
ACH-001370	NA	-1.033091	-1.61671417365207	0.444088216291852	0.0984633091871404
ACH-001373	NA	-0.3361189	1.50847064795445	-0.0049691385044132	-0.756650855114881
ACH-001374	NA	-1.387437	1.0303925677812	0.0510432755685716	0.3521424677209
ACH-001375	NA	-1.283404	1.27296413464219	0.485872722702808	-0.197828849219737
ACH-001377	NA	-3.005297	1.12030058028552	-0.0351460279969752	-0.581325533423686
ACH-001379	NA	-1.397648	0.00864603322682538	0.865010410618063	-1.55556580705495
ACH-001384	NA	-1.368685	-0.199758312566622	0.823628655640476	-0.145011297570647
ACH-001390	NA	-1.048176	1.10175216234964	0.145814577550695	0.57219106308615
ACH-001391	NA	-3.263915	-0.249466212649448	-0.205239792861251	-0.514147044259873
ACH-001398	NA	-0.6825581	1.79397481954173	1.72885389656653	-0.684356285959983
ACH-001399	NA	-1.201282	0.457786530540189	0.0567569422864128	-0.0731611396063909
ACH-001400	NA	-0.4240118	-1.48838702282807	-0.525932151281554	-0.401355511774036
ACH-001401	NA	-1.404069	0.610646772214856	-0.812808320209455	0.417031179189274
ACH-001402	NA	-0.8889105	0.457301075987028	1.18108818671261	1.00968192494555
ACH-001407	NA	-2.148811	-0.377499673496213	0.125983005695628	0.0709936284716721
ACH-001411	NA	-0.8679089	0.357363656823072	0.0693883068229155	-0.355128751083708
ACH-001412	NA	-1.785437	0.0924642840825226	0.679152158912494	0.612998732906685
ACH-001413	NA	-0.5150125	0.526590887963657	0.588673636535751	0.160837374822146
ACH-001414	NA	-2.692578	-1.02822628705573	-0.456343555659041	-2.38868212501306
ACH-001415	NA	-0.04937895	0.157390155358135	-0.14273953683327	-0.901119869118151
ACH-001421	NA	-0.04646538	0.219350879662411	-1.65538342880598	0.673291999981392
ACH-001431	NA	-1.087093	0.881104791002135	-1.0945817531939	1.46976307959489
ACH-001437	NA	-2.273593	0.82904723745415	-0.137310551751864	0.65495410128881
ACH-001438	NA	-0.477363	0.473705412234205	0.446288432932203	0.689089261843144
ACH-001441	NA	-1.36634	0.252161375588123	-1.00855469447873	-1.31135543826695
ACH-001442	NA	-0.8925195	0.284135620020553	1.01867097889543	-1.15644803155377
ACH-001450	NA	-1.145664	-0.126432572975616	-2.82020827202192	2.09100054190677
ACH-001451	NA	-0.07995051	-0.0946397582853751	0.0565641771816555	0.698309883490378
ACH-001458	NA	-3.527037	1.21496534319902	0.459101512141322	-0.230508599835596
ACH-001459	NA	-0.3625275	1.25612998078361	0.28191349708953	0.186258719435806
ACH-001494	NA	-2.999777	-0.545660551420491	0.451368395429088	-2.42276621274472
ACH-001495	NA	-1.541802	-0.0285931774544091	1.06191696329608	0.0682741062938437
ACH-001500	NA	-1.870788	0.0900787384660199	0.0879471918884468	-0.341356351339921
ACH-001509	NA	-2.641231	-2.01233808513443	-0.0887311359687612	-2.22144558074607
ACH-001510	NA	-1.277203	0.287168861548729	0.886688865036966	-0.198169272066199
ACH-001511	NA	-0.2034186	-0.940705085726464	0.402312413203758	-1.22062598588541
ACH-001513	NA	-1.593282	-1.98937383242381	0.800572855946906	-0.533851549947904
ACH-001516	NA	-1.369447	1.50748507223973	-1.60362519852288	0.507607079375679
ACH-001517	NA	-1.663357	0.874844993251371	0.253777321520181	1.43933302011494
ACH-001518	NA	-2.503758	-1.05449534611634	0.282190341637127	-2.03312874641422
ACH-001521	NA	0.09226046	0.549741679577196	-0.0148041386499411	0.19629371657127
ACH-001523	NA	-1.264851	-0.161645627643774	-0.36018290108658	-2.34863058201309
ACH-001524	NA	-1.16323	-1.5539929197305	0.025851976695024	-3.65101841451095
ACH-001525	NA	-0.8746247	0.643365351250952	0.170902106505543	-0.544225452990883
ACH-001526	NA	-0.4237412	0.949232500100451	-0.36140849713419	0.647425806950497
ACH-001528	NA	-2.233077	-0.255219123075272	0.172802638248555	0.506519158066486
ACH-001529	NA	-1.155117	0.840931422708585	-0.436990107068182	0.018709977673414
ACH-001530	NA	-2.165596	1.37672610072366	-0.601225402615875	-0.571545970842455
ACH-001532	NA	-0.9334536	0.0463734631449167	-0.753410179623106	-0.615752896431269
ACH-001533	NA	-1.637945	-0.497912779706376	-3.41538134739476	2.49392885882347
ACH-001536	NA	-1.84388	-0.706055326280292	0.584522304713783	-1.368776474136
ACH-001537	NA	-2.350422	0.776377297114347	-0.575479920451838	0.509453500597357
ACH-001538	NA	-1.083121	-0.527030738454137	1.11140795688096	-0.874548796307162
ACH-001542	NA	-1.509448	0.747759760124909	0.655633145279389	-0.621342582219634
ACH-001543	NA	-1.498	0.235377130328746	-0.0326619357650994	-1.07239833762501
ACH-001548	NA	-0.8951615	1.66343784222325	-0.476988713879866	0.596146535822566
ACH-001550	NA	0.1645741	-1.50031105410795	0.507469962622283	-0.990876721249255
ACH-001551	NA	-1.422366	0.825424881461475	0.824056173668764	-0.0986566760553097
ACH-001552	NA	-1.026973	-1.7552134457878	0.659542442382798	-1.13704495261479
ACH-001563	NA	-3.724618	0.139554106584977	-0.257258183775998	0.485136275611371
ACH-001574	NA	-0.5235262	0.286323886430732	-2.10837586377764	1.31126851928488
ACH-001578	NA	NA	0.712525088251853	-0.429712525787551	0.198641550138814
ACH-001607	NA	-3.222556	0.756332768909572	0.246885974254391	-0.304316634140444
ACH-001608	NA	-0.1715944	1.83249882932211	1.21426533461647	0.50115962061524
ACH-001609	NA	-1.493103	1.2558943795307	0.617267661080217	-0.571667791624243
ACH-001610	NA	-3.325209	0.063254736930062	1.07117903485425	-1.27947412301714
ACH-001616	NA	-1.310944	-1.21751403116774	-2.26315806828842	-0.109460698021515
ACH-001619	NA	-1.146221	0.884803176255176	1.07261936773288	-0.136048290508488
ACH-001624	NA	-1.494641	1.37850854668992	0.439504494590581	0.366648795907508
ACH-001626	NA	-0.08415904	-1.97297452556504	1.07522085589035	-0.97331400498055
ACH-001628	NA	-0.7207538	1.17986394646917	0.8852956640603	-0.745688452488821
ACH-001638	NA	-1.213453	0.881259252653093	-2.67858598494107	-0.547238137357887
ACH-001642	NA	-3.264962	-1.0013585390248	-1.28573058888244	0.992441149545232
ACH-001649	NA	-0.4064688	-2.21728489809205	0.835103779646025	-1.85892567373448
ACH-001650	NA	-1.341308	1.69102258646772	1.3031944597372	-0.10781202814802
ACH-001651	NA	-0.5967435	1.10521531346337	0.6923757296703	-0.0388476517381881
ACH-001652	NA	-1.859312	0.34243029740838	0.45109481183417	0.339054459218179
ACH-001653	NA	-1.124901	0.612883509250717	0.500974787801426	-1.55810805416115
ACH-001654	NA	-1.318601	-2.04729851205093	0.619971970247583	0.118560217549675
ACH-001655	NA	-1.218445	0.412330675487398	0.487094146194071	0.188456552453243
ACH-001656	NA	-0.009686434	0.223773776711377	-1.63376022557501	0.820955054613153
ACH-001664	NA	-1.680869	2.08211159308124	-0.298270271415466	0.929823531897222
ACH-001668	NA	-2.031066	0.558084952264117	-0.987984054627581	0.930124978046283
ACH-001669	NA	-1.326306	0.509627308491061	-1.91633611415722	2.22316339861675
ACH-001670	NA	-1.565294	1.79863103168331	-0.688032871580176	0.718522838825335
ACH-001673	NA	-3.409412	0.960575806294222	0.717580711738185	-0.411646144023645
ACH-001674	NA	-1.30845	1.38436072524541	-1.36917472181077	1.31590778507432
ACH-001677	NA	-0.1664555	0.78194937082287	-2.96535626597096	1.60622788035002
ACH-001679	NA	-0.5335371	0.395499021953188	-2.37629978545683	2.35412907630307
ACH-001687	NA	-0.7096505	-1.53925947964458	0.499382216692772	-1.46453354734765
ACH-001688	NA	-0.02908799	-1.49133072730355	0.899126581117075	-0.194394175982337
ACH-001693	NA	-0.3922226	-0.512578923710841	0.362133520365757	-1.45120633787549
ACH-001696	NA	-0.05718666	-0.415647578178728	0.607306407587313	-1.58144306008126
ACH-001698	NA	-1.996702	0.986751751221625	-0.0972697494973541	-0.143533828065439
ACH-001702	NA	-2.229719	-0.0970789481429171	0.0811837540396436	-0.705231731295018
ACH-001703	NA	-0.9636659	-2.09930507867269	-3.06543491816865	1.3172451130942
ACH-001707	NA	-0.2357781	-1.0767683648991	-2.59557522804038	0.0259748396734488
ACH-001711	NA	-3.152254	2.0857889521775	-0.319378334437883	0.55231297276028
ACH-001715	NA	-0.3044979	0.908703371237908	0.767216162189809	-0.963115184570358
ACH-001719	NA	-0.5322402	0.0832298297477555	0.619577989239229	0.6719473599277
ACH-001740	NA	-0.4765951	0.838061489055338	-1.48389738676325	1.29477358018665
ACH-001745	NA	-0.04179321	1.19572297189512	-0.734894173992508	0.802696008572076
ACH-001750	NA	-0.6162038	-0.721135291076726	0.236854319866742	-1.25069176631639
ACH-001751	NA	-1.46639	1.69660189261707	-0.316009032325055	0.27987478931523
ACH-001765	NA	-0.4120479	0.238859248589947	-0.870258456899199	0.155897351493506
ACH-001786	NA	-0.8059382	0.360018762211972	0.982591270350635	-1.21480868572019
ACH-001794	NA	0.09109442	-0.895539861177281	0.532550793878338	-1.27686347493813
ACH-001795	NA	-1.343792	0.204299943335802	0.725650077229974	-0.614697332196536
ACH-001796	NA	-0.5446829	0.511692628706821	0.389448852186692	1.10850246476427
ACH-001799	NA	-1.693748	-1.2922715032231	1.33918490799605	-1.05811234975847
ACH-001834	NA	-0.4360354	-0.776235740344073	1.62367608895108	-2.60149836332269
ACH-001838	NA	-2.308118	-0.740993585408425	0.816384944382643	-2.14688343210198
ACH-001839	NA	-2.645975	1.55085354980978	1.09465726065505	0.0450623327822062
ACH-001841	NA	-2.381544	0.0932770598869791	0.232716992253692	-1.15797913054153
ACH-001844	NA	-1.876914	0.948856202476016	1.50970538751597	-1.19997954248392
ACH-001848	NA	-1.980036	-0.80705417420307	1.61770550597773	-1.33015353140839
ACH-001849	NA	-0.8980521	-0.514780882165106	-0.13022786960618	-1.4336323536129
ACH-001850	NA	-0.9906783	0.139414006327412	-0.106416514266978	0.925094559000828
ACH-001852	NA	-1.675032	1.59569798954967	0.0370193788096671	-0.45848624538599
ACH-001853	NA	-1.019572	0.227594910021288	-0.34377543478482	-0.882322394671988
ACH-001854	NA	-1.905633	0.049233765489241	0.240730733561411	1.05557408826574
ACH-001855	NA	-1.993738	1.25940002055205	0.210610133533073	-0.895388472332302
ACH-001856	NA	0.245861	1.36201304594129	0.716021013044356	-0.270728094364429
ACH-001857	NA	0.09610391	1.04433507099881	0.946666887531825	-0.945175418874215
ACH-001858	NA	-3.109375	-0.501909350211959	1.16689459773688	-1.39750704491703
ACH-001861	NA	-0.7484667	0.150483176588493	1.31598987640893	-1.20032369117219
ACH-001862	NA	-1.387506	0.360963964460575	0.372676331717474	-1.02143121774412
ACH-001864	NA	-0.6924128	0.214399426989299	0.418726920719522	-2.96471289199015
ACH-001959	NA	-3.623989	1.53521403371521	-1.09921455292121	0.826208973364322
ACH-001960	NA	-1.498682	-0.217609424570982	0.159132835715071	-0.951542645609517
ACH-001961	NA	-0.5643674	-0.0438808769013753	0.638331957640433	-1.63058661644401
ACH-001991	NA	-1.002414	1.26667593137963	-1.02372879886444	0.738629939495292
ACH-001997	NA	-0.8194261	-0.211269274796957	0.181465980750765	-0.731225427933253
ACH-001999	NA	-0.8045749	0.668388168664213	0.527776614326481	-2.61490843427403
ACH-002015	NA	0.2615161	0.817884156041902	0.771055434729738	-1.34048726400753
ACH-002016	NA	-1.366531	0.861932687008199	0.738825087168706	-0.980944987970702
ACH-002023	NA	-1.1436	-2.89393124494555	0.65574068387145	-0.894711874466025
ACH-002025	NA	-3.05512	-0.664220372213818	0.285120546136335	-0.392757956444863
ACH-002038	NA	-0.8323416	-1.0995282144727	0.0223411376892941	-0.0476170989733426
ACH-002039	NA	-0.5916054	-1.68146958520205	0.249838136391579	-0.999976385582497
ACH-002041	NA	-1.381593	-0.126338968787368	0.745678209455657	-2.24420237703838
ACH-002042	NA	-0.8441586	-0.751861886656672	0.313238965143284	-0.359619084263925
ACH-002046	NA	-0.852774	-0.802180289177163	0.842707026301461	-0.330868330439171
ACH-002048	NA	-1.559931	-0.208053874975381	-0.614002581663184	0.318237141737603
